00000000000000000000000000000000000000000000000000000000000000000000000000000001
00000000000000000000000000000000000000000000000000000000000000000000000000000010
00000000000000000000000000000000000000000000000000000000000000000000000000000100
00000000000000000000000000000000000000000000000000000000000000000000000000001000
00000000000000000000000000000000000000000000000000000000000000000000000000010000
00000000000000000000000000000000000000000000000000000000000000000000000000100000
00000000000000000000000000000000000000000000000000000000000000000000000001000000
00000000000000000000000000000000000000000000000000000000000000000000000010000000
00000000000000000000000000000000000000000000000000000000000000000000000100000000
00000000000000000000000000000000000000000000000000000000000000000000001000000000
00000000000000000000000000000000000000000000000000000000000000000000010000000000
00000000000000000000000000000000000000000000000000000000000000000000100000000000
00000000000000000000000000000000000000000000000000000000000000000001000000000000
00000000000000000000000000000000000000000000000000000000000000000010000000000000
00000000000000000000000000000000000000000000000000000000000000000100000000000000
00000000000000000000000000000000000000000000000000000000000000001000000000000000
00000000000000000000000000000000000000000000000000000000000000010000000000000000
00000000000000000000000000000000000000000000000000000000000000100000000000000000
00000000000000000000000000000000000000000000000000000000000001000000000000000000
00000000000000000000000000000000000000000000000000000000000010000000000000000000
00000000000000000000000000000000000000000000000000000000000000000000000101000000
00000000000000000000000000000000000000000000000000000000000000000000010001000000
00000000000000000000000000000000000000000000000000000000000000000000010100000000
00000000000000000000000000000000000000000000000000000000000000000000100001000000
00000000000000000000000000000000000000000000000000000000000000000000100100000000
00000000000000000000000000000000000000000000000000000000000000000000110000000000
00000000000000000000000000000000000000000000000000000000000000000001000001000000
00000000000000000000000000000000000000000000000000000000000000000001000100000000
00000000000000000000000000000000000000000000000000000000000000000001010000000000
00000000000000000000000000000000000000000000000000000000000000000010100000000000
00000000000000000000000000000000000000000000000000000000000000000011000000000000
00000000000000000000000000000000000000000000000000000000000000000100000001000000
00000000000000000000000000000000000000000000000000000000000000000100000100000000
00000000000000000000000000000000000000000000000000000000000000000100010000000000
00000000000000000000000000000000000000000000000000000000000000000100100000000000
00000000000000000000000000000000000000000000000000000000000000000101000000000000
00000000000000000000000000000000000000000000000000000000000000001000000001000000
00000000000000000000000000000000000000000000000000000000000000001000000100000000
00000000000000000000000000000000000000000000000000000000000000001000010000000000
00000000000000000000000000000000000000000000000000000000000000001000100000000000
00000000000000000000000000000000000000000000000000000000000000001001000000000000
00000000000000000000000000000000000000000000000000000000000000001100000000000000
00000000000000000000000000000000000000000000000000000000000000010000000001000000
00000000000000000000000000000000000000000000000000000000000000010000000100000000
00000000000000000000000000000000000000000000000000000000000000010000010000000000
00000000000000000000000000000000000000000000000000000000000000010000100000000000
00000000000000000000000000000000000000000000000000000000000000010001000000000000
00000000000000000000000000000000000000000000000000000000000000010100000000000000
00000000000000000000000000000000000000000000000000000000000001000000000001000000
00000000000000000000000000000000000000000000000000000000000001000000000100000000
00000000000000000000000000000000000000000000000000000000000001000000010000000000
00000000000000000000000000000000000000000000000000000000000001000001000000000000
00000000000000000000000000000000000000000000000000000000000001000010000000000000
00000000000000000000000000000000000000000000000000000000000001000100000000000000
00000000000000000000000000000000000000000000000000000000000001001000000000000000
00000000000000000000000000000000000000000000000000000000000001010000000000000000
00000000000000000000000000000000000000000000000000000000000000000000010101000000
00000000000000000000000000000000000000000000000000000000000000000000100101000000
00000000000000000000000000000000000000000000000000000000000000000000110001000000
00000000000000000000000000000000000000000000000000000000000000000000110100000000
00000000000000000000000000000000000000000000000000000000000000000001000101000000
00000000000000000000000000000000000000000000000000000000000000000001010001000000
00000000000000000000000000000000000000000000000000000000000000000001010100000000
00000000000000000000000000000000000000000000000000000000000000000100000101000000
00000000000000000000000000000000000000000000000000000000000000000100010001000000
00000000000000000000000000000000000000000000000000000000000000000100010100000000
00000000000000000000000000000000000000000000000000000000000000000100100001000000
00000000000000000000000000000000000000000000000000000000000000000100100100000000
00000000000000000000000000000000000000000000000000000000000000000100110000000000
00000000000000000000000000000000000000000000000000000000000000000101000001000000
00000000000000000000000000000000000000000000000000000000000000000101000100000000
00000000000000000000000000000000000000000000000000000000000000000101010000000000
00000000000000000000000000000000000000000000000000000000000000001000000101000000
00000000000000000000000000000000000000000000000000000000000000001000010001000000
00000000000000000000000000000000000000000000000000000000000000001000010100000000
00000000000000000000000000000000000000000000000000000000000000001000100001000000
00000000000000000000000000000000000000000000000000000000000000001000100100000000
00000000000000000000000000000000000000000000000000000000000000001000110000000000
00000000000000000000000000000000000000000000000000000000000000001001000001000000
00000000000000000000000000000000000000000000000000000000000000001001000100000000
00000000000000000000000000000000000000000000000000000000000000001001010000000000
00000000000000000000000000000000000000000000000000000000000000001100000001000000
00000000000000000000000000000000000000000000000000000000000000001100000100000000
00000000000000000000000000000000000000000000000000000000000000001100010000000000
00000000000000000000000000000000000000000000000000000000000000001100100000000000
00000000000000000000000000000000000000000000000000000000000000001101000000000000
00000000000000000000000000000000000000000000000000000000000000010000000101000000
00000000000000000000000000000000000000000000000000000000000000010000010001000000
00000000000000000000000000000000000000000000000000000000000000010000010100000000
00000000000000000000000000000000000000000000000000000000000000010000100001000000
00000000000000000000000000000000000000000000000000000000000000010000100100000000
00000000000000000000000000000000000000000000000000000000000000010000110000000000
00000000000000000000000000000000000000000000000000000000000000010001000001000000
00000000000000000000000000000000000000000000000000000000000000010001000100000000
00000000000000000000000000000000000000000000000000000000000000010001010000000000
00000000000000000000000000000000000000000000000000000000000000010100000001000000
00000000000000000000000000000000000000000000000000000000000000010100000100000000
00000000000000000000000000000000000000000000000000000000000000010100010000000000
00000000000000000000000000000000000000000000000000000000000000010100100000000000
00000000000000000000000000000000000000000000000000000000000000010101000000000000
00000000000000000000000000000000000000000000000000000000000001000000000101000000
00000000000000000000000000000000000000000000000000000000000001000000010001000000
00000000000000000000000000000000000000000000000000000000000001000000010100000000
00000000000000000000000000000000000000000000000000000000000001000001000001000000
00000000000000000000000000000000000000000000000000000000000001000001000100000000
00000000000000000000000000000000000000000000000000000000000001000001010000000000
00000000000000000000000000000000000000000000000000000000000001000011000000000000
00000000000000000000000000000000000000000000000000000000000001000100000001000000
00000000000000000000000000000000000000000000000000000000000001000100000100000000
00000000000000000000000000000000000000000000000000000000000001000100010000000000
00000000000000000000000000000000000000000000000000000000000001000101000000000000
00000000000000000000000000000000000000000000000000000000000001001000000001000000
00000000000000000000000000000000000000000000000000000000000001001000000100000000
00000000000000000000000000000000000000000000000000000000000001001000010000000000
00000000000000000000000000000000000000000000000000000000000001001001000000000000
00000000000000000000000000000000000000000000000000000000000001001100000000000000
00000000000000000000000000000000000000000000000000000000000001010000000001000000
00000000000000000000000000000000000000000000000000000000000001010000000100000000
00000000000000000000000000000000000000000000000000000000000001010000010000000000
00000000000000000000000000000000000000000000000000000000000001010001000000000000
00000000000000000000000000000000000000000000000000000000000001010100000000000000
00000000000000000000000000000000000000000000000000000000000000000000110101000000
00000000000000000000000000000000000000000000000000000000000000000001010101000000
00000000000000000000000000000000000000000000000000000000000000000100010101000000
00000000000000000000000000000000000000000000000000000000000000000100100101000000
00000000000000000000000000000000000000000000000000000000000000000100110001000000
00000000000000000000000000000000000000000000000000000000000000000100110100000000
00000000000000000000000000000000000000000000000000000000000000000101000101000000
00000000000000000000000000000000000000000000000000000000000000000101010001000000
00000000000000000000000000000000000000000000000000000000000000000101010100000000
00000000000000000000000000000000000000000000000000000000000000001000010101000000
00000000000000000000000000000000000000000000000000000000000000001000100101000000
00000000000000000000000000000000000000000000000000000000000000001000110001000000
00000000000000000000000000000000000000000000000000000000000000001000110100000000
00000000000000000000000000000000000000000000000000000000000000001001000101000000
00000000000000000000000000000000000000000000000000000000000000001001010001000000
00000000000000000000000000000000000000000000000000000000000000001001010100000000
00000000000000000000000000000000000000000000000000000000000000001100000101000000
00000000000000000000000000000000000000000000000000000000000000001100010001000000
00000000000000000000000000000000000000000000000000000000000000001100010100000000
00000000000000000000000000000000000000000000000000000000000000001100100001000000
00000000000000000000000000000000000000000000000000000000000000001100100100000000
00000000000000000000000000000000000000000000000000000000000000001100110000000000
00000000000000000000000000000000000000000000000000000000000000001101000001000000
00000000000000000000000000000000000000000000000000000000000000001101000100000000
00000000000000000000000000000000000000000000000000000000000000001101010000000000
00000000000000000000000000000000000000000000000000000000000000010000010101000000
00000000000000000000000000000000000000000000000000000000000000010000100101000000
00000000000000000000000000000000000000000000000000000000000000010000110001000000
00000000000000000000000000000000000000000000000000000000000000010000110100000000
00000000000000000000000000000000000000000000000000000000000000010001000101000000
00000000000000000000000000000000000000000000000000000000000000010001010001000000
00000000000000000000000000000000000000000000000000000000000000010001010100000000
00000000000000000000000000000000000000000000000000000000000000010100000101000000
00000000000000000000000000000000000000000000000000000000000000010100010001000000
00000000000000000000000000000000000000000000000000000000000000010100010100000000
00000000000000000000000000000000000000000000000000000000000000010100100001000000
00000000000000000000000000000000000000000000000000000000000000010100100100000000
00000000000000000000000000000000000000000000000000000000000000010100110000000000
00000000000000000000000000000000000000000000000000000000000000010101000001000000
00000000000000000000000000000000000000000000000000000000000000010101000100000000
00000000000000000000000000000000000000000000000000000000000000010101010000000000
00000000000000000000000000000000000000000000000000000000000001000000010101000000
00000000000000000000000000000000000000000000000000000000000001000001000101000000
00000000000000000000000000000000000000000000000000000000000001000001010001000000
00000000000000000000000000000000000000000000000000000000000001000001010100000000
00000000000000000000000000000000000000000000000000000000000001000100000101000000
00000000000000000000000000000000000000000000000000000000000001000100010001000000
00000000000000000000000000000000000000000000000000000000000001000100010100000000
00000000000000000000000000000000000000000000000000000000000001000101000001000000
00000000000000000000000000000000000000000000000000000000000001000101000100000000
00000000000000000000000000000000000000000000000000000000000001000101010000000000
00000000000000000000000000000000000000000000000000000000000001001000000101000000
00000000000000000000000000000000000000000000000000000000000001001000010001000000
00000000000000000000000000000000000000000000000000000000000001001000010100000000
00000000000000000000000000000000000000000000000000000000000001001001000001000000
00000000000000000000000000000000000000000000000000000000000001001001000100000000
00000000000000000000000000000000000000000000000000000000000001001001010000000000
00000000000000000000000000000000000000000000000000000000000001001100000001000000
00000000000000000000000000000000000000000000000000000000000001001100000100000000
00000000000000000000000000000000000000000000000000000000000001001100010000000000
00000000000000000000000000000000000000000000000000000000000001001101000000000000
00000000000000000000000000000000000000000000000000000000000001010000000101000000
00000000000000000000000000000000000000000000000000000000000001010000010001000000
00000000000000000000000000000000000000000000000000000000000001010000010100000000
00000000000000000000000000000000000000000000000000000000000001010001000001000000
00000000000000000000000000000000000000000000000000000000000001010001000100000000
00000000000000000000000000000000000000000000000000000000000001010001010000000000
00000000000000000000000000000000000000000000000000000000000001010100000001000000
00000000000000000000000000000000000000000000000000000000000001010100000100000000
00000000000000000000000000000000000000000000000000000000000001010100010000000000
00000000000000000000000000000000000000000000000000000000000001010101000000000000
00000000000000000000000000000000000000000000000000000000000000000100110101000000
00000000000000000000000000000000000000000000000000000000000000000101010101000000
00000000000000000000000000000000000000000000000000000000000000001000110101000000
00000000000000000000000000000000000000000000000000000000000000001001010101000000
00000000000000000000000000000000000000000000000000000000000000001100010101000000
00000000000000000000000000000000000000000000000000000000000000001100100101000000
00000000000000000000000000000000000000000000000000000000000000001100110001000000
00000000000000000000000000000000000000000000000000000000000000001100110100000000
00000000000000000000000000000000000000000000000000000000000000001101000101000000
00000000000000000000000000000000000000000000000000000000000000001101010001000000
00000000000000000000000000000000000000000000000000000000000000001101010100000000
00000000000000000000000000000000000000000000000000000000000000010000110101000000
00000000000000000000000000000000000000000000000000000000000000010001010101000000
00000000000000000000000000000000000000000000000000000000000000010100010101000000
00000000000000000000000000000000000000000000000000000000000000010100100101000000
00000000000000000000000000000000000000000000000000000000000000010100110001000000
00000000000000000000000000000000000000000000000000000000000000010100110100000000
00000000000000000000000000000000000000000000000000000000000000010101000101000000
00000000000000000000000000000000000000000000000000000000000000010101010001000000
00000000000000000000000000000000000000000000000000000000000000010101010100000000
00000000000000000000000000000000000000000000000000000000000001000001010101000000
00000000000000000000000000000000000000000000000000000000000001000100010101000000
00000000000000000000000000000000000000000000000000000000000001000101000101000000
00000000000000000000000000000000000000000000000000000000000001000101010001000000
00000000000000000000000000000000000000000000000000000000000001000101010100000000
00000000000000000000000000000000000000000000000000000000000001001000010101000000
00000000000000000000000000000000000000000000000000000000000001001001000101000000
00000000000000000000000000000000000000000000000000000000000001001001010001000000
00000000000000000000000000000000000000000000000000000000000001001001010100000000
00000000000000000000000000000000000000000000000000000000000001001100000101000000
00000000000000000000000000000000000000000000000000000000000001001100010001000000
00000000000000000000000000000000000000000000000000000000000001001100010100000000
00000000000000000000000000000000000000000000000000000000000001001101000001000000
00000000000000000000000000000000000000000000000000000000000001001101000100000000
00000000000000000000000000000000000000000000000000000000000001001101010000000000
00000000000000000000000000000000000000000000000000000000000001010000010101000000
00000000000000000000000000000000000000000000000000000000000001010001000101000000
00000000000000000000000000000000000000000000000000000000000001010001010001000000
00000000000000000000000000000000000000000000000000000000000001010001010100000000
00000000000000000000000000000000000000000000000000000000000001010100000101000000
00000000000000000000000000000000000000000000000000000000000001010100010001000000
00000000000000000000000000000000000000000000000000000000000001010100010100000000
00000000000000000000000000000000000000000000000000000000000001010101000001000000
00000000000000000000000000000000000000000000000000000000000001010101000100000000
00000000000000000000000000000000000000000000000000000000000001010101010000000000
00000000000000000000000000000000000000000000000000000000000000001100110101000000
00000000000000000000000000000000000000000000000000000000000000001101010101000000
00000000000000000000000000000000000000000000000000000000000000010100110101000000
00000000000000000000000000000000000000000000000000000000000000010101010101000000
00000000000000000000000000000000000000000000000000000000000001000101010101000000
00000000000000000000000000000000000000000000000000000000000001001001010101000000
00000000000000000000000000000000000000000000000000000000000001001100010101000000
00000000000000000000000000000000000000000000000000000000000001001101000101000000
00000000000000000000000000000000000000000000000000000000000001001101010001000000
00000000000000000000000000000000000000000000000000000000000001001101010100000000
00000000000000000000000000000000000000000000000000000000000001010001010101000000
00000000000000000000000000000000000000000000000000000000000001010100010101000000
00000000000000000000000000000000000000000000000000000000000001010101000101000000
00000000000000000000000000000000000000000000000000000000000001010101010001000000
00000000000000000000000000000000000000000000000000000000000001010101010100000000
00000000000000000000000000000000000000000000000000000000000001001101010101000000
00000000000000000000000000000000000000000000000000000000000001010101010101000000
