00000000000000000000000000000000000000000000000000000000000000000000000000000001
00000000000000000000000000000000000000000000000000000000000000000000000000000010
00000000000000000000000000000000000000000000000000000000000000000000000000000100
00000000000000000000000000000000000000000000000000000000000000000000000000001000
00000000000000000000000000000000000000000000000000000000000000000000000000010000
00000000000000000000000000000000000000000000000000000000000000000001000000000000
00000000000000000000000000000000000000000000000000000000000000000000010100100000
00000000000000000000000000000000000000000000000000000000000000000000100100100000
00000000000000000000000000000000000000000000000000000000000000000000011001100000
00000000000000000000000000000000000000000000000000000000000000000000011010100000
00000000000000000000000000000000000000000000000000000000000000000000101001100000
00000000000000000000000000000000000000000000000000000000000000000000101010100000
